Alabama  6,387  11,413  910  18,710 
Alaska  1,830  2,700  376  4,906 
Arizona  2,879  111  30,198  33,188 
Arkansas  6,967  19,609  1,270  27,846 
California  54,533  177,756  8  232,297 
Colorado  7,196  23,259  1,065  31,520 
Connecticut  6,634  19,845  26,479 
Delaware  1,369  3,773  82  430  39  5,693 
District of Columbia  1,699  2,560  247  4,506 
Florida  31,656  78,299  44,795  201  154,951 
Georgia  21,541  27,424  48,965 
Hawaii  1,170  1,357  2,527 
Idaho  1,064  6,013  12  7,089 
Illinois  17,207  50,421  473  68,101 
Indiana  12,899  28,262  739  41,900 
Iowa  8,958  14,135  23,093 
Kansas  1,558  15,354  16,912 
Kentucky  9,843  1,724 13,755  20,935  1,572  771  48,600 
Louisiana  5,792  44  12,603  845  9  19,293 
Maine  2,566  4,144  6,710 
Maryland 
Massachusetts  23,012  16,789  39,801 
Michigan 
Minnesota  4,506  10,481  3,219  18  769  18,993 
Mississippi  4,791  13,080  17,871 
Missouri  5,452  28,144  19,106  1,933  54,635 
Montana  1,024  106  6,667  672  230  8,699 
Nebraska  2,401  8,649  240  11,290 
Nevada  3,068  353  12,921  16,342 
New Hampshire  649  5,672  513  6,834 
New Jersey  5,352  39,254  44,606 
New Mexico  3,784  11,069  14,853 
New York  50,989  104,520  155,509 
North Carolina  6,775  6,820  35,476  17,743  66,814 
North Dakota  660  2,924  2  3,586 
Ohio  16,508  10,268  48,516  1,187  957  77,436 
Oklahoma  7,344  6,392  19,444  2,693  35,873 
Oregon  7,227  12,790  6,364  26,381 
Pennsylvania  4,177  19,255  81  23,513 
Puerto Rico  5,384  8,427  82  1,114  673  29  15,709 
Rhode Island  2,462  5,141  107  7,710 
South Carolina  7,222  11,115  18,337 
South Dakota  851  2,506  270  3,627 
Tennessee  9,961 723  9,979  37,052  4,263  205  62,183 
Texas  42,295  96,496  6,213  21,580  166,584 
Utah  8,507  125  10,904  10  840  20,386 
Vermont  728  1,827  7 1  1  2,564 
Virginia  4,377  3,785  70  21,964  30,196 
Washington  4,769  7,641  13,389  582  8,881  35,262 
West Virginia  4,438  15,636  1,862  26  21,962 
Wisconsin  5,468  21,510  26,978 
Wyoming  478  1,429  535  2,442 