Alabama 1,127,143 18,700 98.6 266 1.4 18,966 16.8
Alaska 188,441 5,669 36.4 9,909 63.6 15,578 82.7
Arizona 1,625,114 31,364 60.8 20,189 39.2 51,553 31.7
Arkansas 710,474 33,670 73.7 11,986 26.3 45,656 64.3
California 9,271,919 238,139 67.8 113,347 32.2 351,486 37.9
Colorado 1,230,088 31,603 44.7 39,144 55.3 70,747 57.5
Connecticut 803,314 29,780 63.0 17,462 37.0 47,242 58.8
Delaware 204,668 7,347 53.3 6,437 46.7 13,784 67.3
District of Columbia 105,334 6,190 92.0 537 8.0 6,727 63.9
Florida 3,994,431 167,212 80.2 41,225 19.8 208,437 52.2
Georgia 2,489,858 22,194 65.8 11,529 34.2 33,723 13.5
Hawaii
Idaho 428,116 6,545 44.1 8,308 55.9 14,853 34.7
Illinois
Indiana 1,597,603 61,473 52.7 55,153 47.3 116,626 73.0
Iowa 724,370 28,810 58.4 20,545 41.6 49,355 68.1
Kansas 723,922 20,566 59.8 13,829 40.2 34,395 47.5
Kentucky 1,020,955 49,459 71.3 19,901 28.7 69,360 67.9
Louisiana 1,118,196 26,255 60.1 17,410 39.9 43,665 39.0
Maine 269,218 6,513 42.0 9,003 58.0 15,516 57.6
Maryland 1,346,635 27,315 51.1 26,112 48.9 53,427 39.7
Massachusetts 1,405,015 37,799 51.6 35,495 48.4 73,294 52.2
Michigan 2,295,812 83,320 67.4 40,246 32.6 123,566 53.8
Minnesota 1,277,526 18,186 31.3 39,999 68.7 58,185 45.5
Mississippi 750,239 19,774 75.2 6,536 24.8 26,310 35.1
Missouri 1,412,121 58,782 58.3 41,979 41.7 100,761 71.4
Montana 222,354 7,536 62.6 4,506 37.4 12,042 54.2
Nebraska 460,065 13,489 46.3 15,662 53.7 29,151 63.4
Nevada 663,775 13,667 54.8 11,274 45.2 24,941 37.6
New Hampshire 279,984 8,671 64.5 4,773 35.5 13,444 48.0
New Jersey
New Mexico 519,419 16,992 53.2 14,940 46.8 31,932 61.5
New York
North Carolina
North Dakota 151,156 3,798 44.5 4,734 55.5 8,532 56.4
Ohio 2,693,092 80,875 53.3 70,857 46.7 151,732 56.3
Oklahoma 936,159 29,736 44.2 37,530 55.8 67,266 71.9
Oregon 863,767 32,169 43.4 42,010 56.6 74,179 85.9
Pennsylvania
Puerto Rico
Rhode Island 219,536 6,477 54.7 5,359 45.3 11,836 53.9
South Carolina 1,080,555 17,444 62.7 10,393 37.3 27,837 25.8
South Dakota 203,156 3,907 25.0 11,716 75.0 15,623 76.9
Tennessee 1,492,136 59,288 63.2 34,511 36.8 93,799 62.9
Texas 6,960,738 178,605 84.3 33,344 15.7 211,949 30.4
Utah 880,309 18,821 56.4 14,566 43.6 33,387 37.9
Vermont 126,018 3,385 24.4 10,499 75.6 13,884 110.2
Virginia 1,853,546 32,566 50.4 32,030 49.6 64,596 34.8
Washington 1,581,757 35,798 47.1 40,194 52.9 75,992 48.0
West Virginia 384,794 17,225 51.5 16,220 48.5 33,445 86.9
Wisconsin 1,326,208 27,060 42.2 37,115 57.8 64,175 48.4
Wyoming 134,937 3,040 49.6 3,090 50.4 6,130 45.4