Alabama  1,121,877  19,605  61.2  12,418  38.8  32,023  28.5 
Alaska  179,876  7,846  58.1  5,662  41.9  13,508  75.1 
Arizona  1,707,221  29,572  98.7  399  1.3  29,971  17.6 
Arkansas  702,481  27,824  69.0  12,477  31.0  40,301  57.4 
California  9,364,530  244,194  69.4  107,764  30.6  351,958  37.6 
Colorado  1,207,135  34,164  48.0  36,977  52.0  71,141  58.9 
Connecticut 
Delaware  206,229  6,274  72.2  2,415  27.8  8,689  42.1 
District of Columbia  112,016  4,694  88.4  616  11.6  5,310  47.4 
Florida  4,004,271  173,218  68.0  81,475  32.0  254,693  63.6 
Georgia  2,548,841  32,430  70.5  13,559  29.5  45,989  18.0 
Hawaii 
Idaho  412,640  6,783  43.8  8,697  56.2  15,480  37.5 
Illinois 
Indiana  1,584,681  66,690  73.1 24,548  26.9  91,238  57.6 
Iowa 
Kansas  700,485  16,823  54.4  14,126  45.6  30,949  44.2 
Kentucky  1,008,064  49,976  69.7  21,747  30.3  71,723  71.1 
Louisiana  1,107,973  21,405  57.9  15,533  42.1  36,938  33.3 
Maine  274,867  6,216  38.4  9,975  61.6  16,191  58.9 
Maryland 
Massachusetts  1,427,033  44,307  62.0  27,123  38.0  71,430  50.1 
Michigan  2,390,198  71,820  61.5  44,910  38.5  116,730  48.8 
Minnesota  1,254,644  18,608  34.9  34,731  65.1  53,339  42.5 
Mississippi  766,720  19,063  63.8  10,827  36.2  29,890  39.0 
Missouri  1,421,469  49,129  49.8  49,557  50.2  98,686  69.4 
Montana  220,358  7,988  65.3  4,253  34.7  12,241  55.6 
Nebraska  446,995  12,472  53.8  10,721  46.2  23,193  51.9 
Nevada  667,801  14,332  70.5  5,989  29.5  20,321  30.4 
New Hampshire  293,358  8,031  46.2  9,336  53.8  17,367  59.2 
New Jersey 
New Mexico  502,450  14,469  45.8  17,128  54.2  31,597  62.9 
New York 
North Carolina 
North Dakota  143,048  4,011  48.1  4,324  51.9  8,335  58.3 
Ohio 
Oklahoma  906,035  34,940  53.2  30,717  46.8  65,657  72.5 
Oregon  867,575 27,485  42.0  37,975  58.0  65,460  75.5 
Pennsylvania 
Puerto Rico 
Rhode Island  228,540  6,356  55.2  5,168  44.8  11,524  50.4 
South Carolina  1,066,227  18,206  66.9  9,026  33.1  27,232  25.5 
South Dakota  198,309  3,589  24.9  10,816  75.1  14,405  72.6 
Tennessee  1,478,594  61,346  63.1  35,878  36.9  97,224  65.8 
Texas  6,725,771  169,628  82.8  35,288  17.2  204,916  30.5 
Utah  849,635 19,922  63.0  11,684  37.0  31,606  37.2 
Vermont  128,930  2,359  19.0  10,064  81.0  12,423  96.4 
Virginia  1,823,201  28,969  50.2  28,715  49.8  57,684  31.6 
Washington  1,541,175  35,693  48.0  38,734  52.0  74,427  48.3 
West Virginia  386,158  23,103  69.3  10,224  30.7  33,327  86.3 
Wisconsin  1,314,412  26,382  46.7  30,053  53.3  56,435  42.9 
Wyoming  128,457  2,398  46.4  2,775  53.6  5,173  40.3