Alabama 1,128,864 19,900 98.7 259 1.3 20,159 17.9
Alaska 183,546 5,240 36.3 9,176 63.7 14,416 78.5
Arizona 1,732,019 25,580 42.3 34,902 57.7 60,482 34.9
Arkansas 709,968 34,532 75.3 11,340 24.7 45,872 64.6
California 9,435,682 228,535 66.5 115,258 33.5 343,793 36.4
Colorado 1,227,763 32,969 45.3 39,849 54.7 72,818 59.3
Connecticut 807,985 25,777 56.9 19,536 43.1 45,313 56.1
Delaware 206,993 6,681 60.3 4,403 39.7 11,084 53.5
District of Columbia 114,036 5,806 92.6 462 7.4 6,268 55.0
Florida 4,057,773 151,441 78.3 41,898 21.7 193,339 47.6
Georgia 2,583,792 26,011 67.4 12,567 32.6 38,578 14.9
Hawaii
Idaho 419,190 6,643 44.6 8,244 55.4 14,887 35.5
Illinois
Indiana 1,589,365 66,735 70.1 28,413 29.9 95,148 59.9
Iowa 713,155 24,982 58.1 18,043 41.9 43,025 60.3
Kansas 704,951 17,379 53.7 14,998 46.3 32,377 45.9
Kentucky 1,014,323 49,141 67.3 23,885 32.7 73,026 72.0
Louisiana 1,123,386 21,822 56.5 16,820 43.5 38,642 34.4
Maine 271,176 6,077 39.0 9,501 61.0 15,578 57.4
Maryland 1,351,935 26,294 58.3 18,835 41.7 45,129 33.4
Massachusetts 1,433,002 39,825 55.3 32,210 44.7 72,035 50.3
Michigan 2,349,892 77,286 66.5 38,862 33.5 116,148 49.4
Minnesota 1,260,797 17,803 31.9 38,085 68.1 55,888 44.3
Mississippi 767,742 19,976 69.7 8,690 30.3 28,666 37.3
Missouri 1,431,338 50,969 50.5 50,045 49.5 101,014 70.6
Montana 219,828 7,419 57.4 5,500 42.6 12,919 58.8
Nebraska 451,641 13,138 48.8 13,771 51.2 26,909 59.6
Nevada 681,033 12,108 64.9 6,541 35.1 18,649 27.4
New Hampshire 289,071 7,909 60.5 5,161 39.5 13,070 45.2
New Jersey
New Mexico 510,238 16,622 54.8 13,691 45.2 30,313 59.4
New York
North Carolina
North Dakota 143,971 3,871 48.2 4,153 51.8 8,024 55.7
Ohio 2,714,341 71,811 51.6 67,268 48.4 139,079 51.2
Oklahoma 918,849 28,583 44.1 36,210 55.9 64,793 70.5
Oregon 872,811 29,021 40.4 42,865 59.6 71,886 82.4
Pennsylvania
Puerto Rico
Rhode Island 226,825 6,825 57.9 4,965 42.1 11,790 52.0
South Carolina 1,080,732 18,803 65.1 10,084 34.9 28,887 26.7
South Dakota 199,616 3,838 25.2 11,390 74.8 15,228 76.3
Tennessee 1,493,252 59,487 66.8 29,538 33.2 89,025 59.6
Texas 6,895,969 175,168 84.2 32,797 15.8 207,965 30.2
Utah 868,824 20,043 63.2 11,650 36.8 31,693 36.5
Vermont 126,275 3,795 26.6 10,483 73.4 14,278 113.1
Virginia 1,847,182 33,996 52.5 30,743 47.5 64,739 35.0
Washington 1,569,592 34,621 45.8 41,039 54.2 75,660 48.2
West Virginia 386,449 17,686 54.9 14,558 45.1 32,244 83.4
Wisconsin 1,310,250 26,521 43.7 34,205 56.3 60,726 46.3
Wyoming 132,025 3,213 51.5 3,023 48.5 6,236 47.2