Alabama  1,123,537  18,710  61.4  11,752  38.6  30,462  27.1 
Alaska  182,218  4,906  50.2  4,869  49.8  9,775  53.6 
Arizona  1,669,866  33,188  99.3  245  0.7  33,433  20.0 
Arkansas  700,537  27,846  69.3  12,338  30.7  40,184  57.4 
California  9,383,924 232,297  68.5  107,006  31.5  339,303  36.2 
Colorado  1,192,679  31,520  47.9  34,306  52.1  65,826  55.2 
Connecticut 
Delaware  205,646  5,693  77.9  1,613  22.1  7,306  35.5 
District of Columbia  113,720  4,506  92.2  382  7.8  4,888  43.0 
Florida  4,043,560  154,951  59.6  104,913  40.4  259,864  64.3 
Georgia  2,531,609  48,965  77.0  14,656  23.0  63,621  25.1 
Hawaii 
Idaho 
Illinois 
Indiana  1,586,518  41,900  60.8  27,071  39.2  68,971  43.5 
Iowa  711,403  23,093  58.0  16,754  42.0  39,847  56.0 
Kansas  696,082  16,912  53.9  14,490  46.1  31,402  45.1 
Kentucky  1,003,973  48,600  76.4  15,012  23.6  63,612  63.4 
Louisiana 
Maine  279,467  6,710  40.2  9,968  59.8  16,678  59.7 
Maryland 
Massachusetts  1,432,856  39,801  58.7  27,992  41.3  67,793  47.3 
Michigan 
Minnesota  1,260,282  18,993  33.6  37,588  66.4  56,581  44.9 
Mississippi  768,704  17,871  66.3  9,093  33.7  26,964  35.1 
Missouri  1,424,830  54,635  53.3  47,944  46.7  102,579  72.0 
Montana  219,498  8,699  67.7  4,153  32.3  12,852  58.6 
Nebraska  446,145  11,290  49.0  11,760  51.0  23,050  51.7 
Nevada  660,002  16,342  72.7  6,150  27.3  22,492  34.1 
New Hampshire  298,186  6,834  41.8  9,516  58.2  16,350  54.8 
New Jersey 
New Mexico  500,276  14,853  49.3  15,277  50.7  30,130  60.2 
New York 
North Carolina 
North Dakota 
Ohio 
Oklahoma  899,507  35,873  57.0  27,092  43.0 62,965  70.0 
Oregon  862,908  26,381  41.5  37,123  58.5  63,504  73.6 
Pennsylvania 
Puerto Rico 
Rhode Island  233,115  7,710  62.0  4,733  38.0 12,443  53.4 
South Carolina  1,059,917  18,337  67.2  8,956  32.8  27,293  25.8 
South Dakota  196,890  3,627  25.0  10,854  75.0  14,481  73.5 
Tennessee 
Texas  6,623,366  166,584  82.5  35,431  17.5  202,015  30.5 
Utah  816,822  20,386  62.9  12,038  37.1  32,424  39.7 
Vermont  131,353  2,564  20.8  9,763  79.2  12,327  93.8 
Virginia  1,826,179  30,196  52.0  27,864  48.0  58,060  31.8 
Washington  1,536,368  35,262  47.4  39,119  52.6  74,381  48.4 
West Virginia  387,381  21,962  69.0  9,851  31.0  31,813  82.1 
Wisconsin  1,321,279  26,978  49.3  27,726  50.7  54,704  41.4 
Wyoming  125,365  2,442  48.2  2,628  51.8  5,070  40.4