Alabama 1,128,864 18,651 47.9 20,286 52.1 38,937 34.5
Alaska 183,546 6,100 45.0 7,466 55.0 13,566 73.9
Arizona 1,732,019 32,136 97.2 914 2.8 33,050 19.1
Arkansas 709,968 30,381 72.5 11,547 27.5 41,928 59.1
California 9,435,682 235,812 68.1 110,316 31.9 346,128 36.7
Colorado 1,227,763 33,978 47.6 37,362 52.4 71,340 58.1
Connecticut 807,985 24,937 59.5 16,971 40.5 41,908 51.9
Delaware 206,993 5,862 63.4 3,378 36.6 9,240 44.6
District of Columbia 114,036 6,593 88.2 883 11.8 7,476 65.6
Florida 4,057,773 153,733 75.3 50,469 24.7 204,202 50.3
Georgia 2,583,792 28,095 70.5 11,740 29.5 39,835 15.4
Hawaii
Idaho 419,190 6,966 46.0 8,187 54.0 15,153 36.1
Illinois
Indiana 1,589,365 67,505 81.3 15,541 18.7 83,046 52.3
Iowa 713,155 24,940 58.7 17,577 41.3 42,517 59.6
Kansas 704,951 17,942 54.0 15,296 46.0 33,238 47.1
Kentucky 1,014,323 47,633 68.1 22,352 31.9 69,985 69.0
Louisiana 1,123,386 22,804 60.8 14,730 39.2 37,534 33.4
Maine 271,176 6,288 39.6 9,604 60.4 15,892 58.6
Maryland 1,351,935 28,929 53.9 24,708 46.1 53,637 39.7
Massachusetts 1,433,002 42,447 60.3 27,915 39.7 70,362 49.1
Michigan 2,349,892 75,441 62.4 45,536 37.6 120,977 51.5
Minnesota 1,260,797 17,678 32.8 36,232 67.2 53,910 42.8
Mississippi 767,742 19,717 65.0 10,595 35.0 30,312 39.5
Missouri 1,431,338 49,755 51.0 47,746 49.0 97,501 68.1
Montana 219,828 8,148 58.1 5,888 41.9 14,036 63.8
Nebraska 451,641 13,532 54.6 11,255 45.4 24,787 54.9
Nevada 681,033 12,241 68.0 5,759 32.0 18,000 26.4
New Hampshire 289,071 7,880 45.5 9,442 54.5 17,322 59.9
New Jersey
New Mexico 510,238 14,535 48.1 15,700 51.9 30,235 59.3
New York
North Carolina
North Dakota 143,971 3,886 45.6 4,633 54.4 8,519 59.2
Ohio 2,714,341 78,098 58.5 55,456 41.5 133,554 49.2
Oklahoma 918,849 29,408 45.8 34,816 54.2 64,224 69.9
Oregon 872,811 28,584 42.1 39,301 57.9 67,885 77.8
Pennsylvania
Puerto Rico
Rhode Island 226,825 6,110 56.5 4,695 43.5 10,805 47.6
South Carolina 1,080,732 17,721 64.5 9,752 35.5 27,473 25.4
South Dakota 199,616 3,920 25.5 11,454 74.5 15,374 77.0
Tennessee 1,493,252 57,143 63.2 33,204 36.8 90,347 60.5
Texas 6,895,969 170,576 83.6 33,527 16.4 204,103 29.6
Utah 868,824 20,534 64.2 11,439 35.8 31,973 36.8
Vermont 126,275 3,215 24.4 9,950 75.6 13,165 104.3
Virginia 1,847,182 30,364 50.6 29,631 49.4 59,995 32.5
Washington 1,569,592 30,405 43.3 39,788 56.7 70,193 44.7
West Virginia 386,449 22,249 65.3 11,802 34.7 34,051 88.1
Wisconsin 1,310,250 25,543 45.3 30,840 54.7 56,383 43.0
Wyoming 132,025 2,669 49.0 2,780 51.0 5,449 41.3