Alabama  1,119,663  9,378  8.4  1,123,537  9,247  8.2 
Alaska  183,500  3,481  19.0  182,218  3,138  17.2 
Arizona  1,625,870  4,469  2.7  1,669,866  4,025  2.4 
Arkansas  696,032  9,180  13.2  700,537  9,847  14.1 
California  9,401,360 89,500  9.5  9,383,924  88,319  9.4 
Colorado  1,173,753  10,862  9.3  1,192,679  10,588  8.9 
Connecticut  827,069  10,174  12.3  820,216  9,875  12.0 
Delaware  204,023  1,933  9.5  205,646  2,116  10.3 
District of Columbia  114,531  2,759  24.1  113,720  2,757  24.2 
Florida  4,032,726  134,567  33.4  4,043,560  53,484  13.2 
Georgia  2,475,382  39,802  16.1  2,531,609  35,729  14.1 
Hawaii  283,576  2,045  7.2  285,694  2,075  7.3 
Idaho  399,024  1,651  4.1  407,712  1,582  3.9 
Illinois  3,203,178  27,756  8.7  3,199,159  31,058  9.7 
Indiana  1,584,017  20,925  13.2  1,586,518 18,380  11.6 
Iowa  712,097  14,589  20.5  711,403  14,051  19.8 
Kansas  693,395  2,630  3.8  696,082  2,272  3.3 
Kentucky  1,003,483  19,833  19.8  1,003,973  18,778  18.7 
Louisiana  1,066,962  12,472  11.7  1,079,560  9,468  8.8 
Maine  283,332  3,548  12.5  279,467  4,118  14.7 
Maryland 0 0 0 0 0 0
Massachusetts  1,446,323  36,151  25.0 1,432,856  37,690  26.3 
Michigan  2,483,332  27,148  10.9 0 0 0
Minnesota  1,261,017  7,623  6.0  1,260,282  6,847  5.4 
Mississippi  764,275  6,272  8.2  768,704  7,002  9.1 
Missouri  1,425,014  7,108  5.0  1,424,830  7,235  5.1 
Montana  218,929  1,775  8.1  219,498  1,886  8.6 
Nebraska  445,094  6,160  13.8  446,145  4,108  9.2 
Nevada  639,645  5,345  8.4  660,002  5,417  8.2 
New Hampshire  302,593  822  2.7  298,186  912  3.1 
New Jersey  2,079,588  11,680  5.6  2,063,789  7,543  3.7 
New Mexico  497,679  5,926  11.9  500,276  6,065  12.1 
New York  4,467,031  80,077  17.9  4,413,414 83,502  18.9 
North Carolina  2,163,091  28,422  13.1  2,217,680  25,976  11.7 
North Dakota  143,529  1,438  10.0  142,809  1,288  9.0 
Ohio  2,774,850  41,449  14.9  2,751,874  38,484  14.0 
Oklahoma  889,658  13,414  15.1  899,507  13,179  14.7 
Oregon  857,570  12,927  15.1  862,908  11,552  13.4 
Pennsylvania  2,807,284  4,177  1.5  2,786,719  4,177  1.5 
Puerto Rico  1,018,306 15,066  14.8  1,002,944  10,696  10.7 
Rhode Island  236,719  4,400  18.6  233,115  3,857  16.5 
South Carolina  1,048,614  10,795  10.3  1,059,917  12,762  12.0 
South Dakota  196,231  1,529  7.8  196,890  1,485  7.5 
Tennessee  1,462,511  19,182  13.1  1,471,486  16,059  10.9 
Texas  6,489,667 69,065  10.6  6,623,366  71,111  10.7 
Utah  796,877  13,043  16.4 816,822  13,611  16.7 
Vermont  133,878  861  6.4  131,353  872  6.6 
Virginia  1,821,202  6,828  3.7  1,826,179  6,413  3.5 
Washington  1,525,947  7,294  4.8  1,536,368  6,984  4.5 
West Virginia  388,451  8,345  21.5  387,381  7,109  18.4 
Wisconsin  1,326,996  8,583  6.5  1,321,279  7,856  5.9 
Wyoming  122,974  786  6.4  125,365  772  6.2